0 4244 4621 2023 3065 545 4017 645 3444 2606 3467 1234 2718 3656 4029 4235 5290 2795 1464 4522 1688 3600 1843 3997 3690 5436 3862 5633 4898 2357 3307 3318 1959 2284 3739 3669 1756 3333 1949 2924 3616 4631 4307 3971 923 2217 3158 4494 5426 1465 2795 4372 4241 3394 1005 5336 1689 4894 3230 5076 2349 4605 3382 2914 1102 2042 1783 4382 2585 1276 2890 2673 3758 2918 1707 2182 4554 3319 3009 5645 4782 3529 4900 5479 3109 3914 1491 5171 1039 2240 1753 2128 1150 4886 1406 5822 2430 1655
4244 0 2993 2265 1343 4025 7128 4711 1816 1981 3206 5299 6207 2021 2027 2608 1805 6860 4346 4261 5918 1147 6073 2369 7920 1304 2197 4939 3270 6422 7372 6071 3078 2771 5286 4481 6016 7563 4702 5181 7846 1280 524 909 5183 4471 1835 6664 1294 2967 2166 4767 1403 6147 3697 1517 4443 1105 7459 943 4606 2749 4923 3324 4592 6271 5273 2003 6814 3918 3377 6163 570 5672 5772 4935 2926 2848 5347 1512 650 1674 5612 1346 5482 6287 4980 1388 5268 5729 5983 6389 3551 753 4902 1938 5919 4027
4621 2993 0 2598 1699 4358 4458 5044 1312 2314 1832 5632 5567 2468 2699 705 3960 7193 4679 2201 6251 2270 6406 897 8253 4106 1518 5963 664 6755 7705 6404 3411 2870 3281 3302 6349 7896 5035 3711 8179 3301 2977 2641 5516 4804 2168 7581 2703 3300 2499 5100 2911 6480 4031 4006 4776 3564 7793 3746 4939 3275 2254 3657 4393 6604 4632 3052 7148 4251 3710 5522 2428 6005 6105 5268 688 3181 2677 2366 3452 2199 6636 3565 5815 6620 4070 2551 5601 5089 6316 6722 3885 3273 5235 3246 3185 4360
2023 2265 2598 0 1042 1760 5242 2446 1421 583 1559 3034 3942 1633 2006 2213 3267 4595 2081 2615 3652 1577 3807 1974 5655 3414 1839 5270 2875 4157 5107 3806 813 506 3021 2216 3751 5298 2437 2916 5581 2608 2284 1948 2918 2205 1135 4983 3404 702 772 2501 2218 3882 1432 3313 2178 2871 5194 3053 2341 2582 4030 1058 2327 4006 3008 2359 4549 1653 1112 3897 1736 3406 3507 2670 2531 1464 3785 3622 2760 1506 5007 3456 3216 4021 2715 3148 3003 3464 3718 4123 1286 2863 2637 3799 3654 1762
3065 1343 1699 1042 0 2824 5863 3509 551 780 2040 4097 5006 858 1089 1343 2351 5658 3144 3060 4716 661 4871 1105 6718 2497 855 4354 2005 5220 6170 4870 1877 1570 4085 3280 4815 6361 3501 3979 6644 1691 1367 1031 3982 3269 633 6078 2487 1766 965 3565 1301 4946 2496 2396 3241 1955 6258 2136 3405 1665 3659 2122 3391 5070 4071 1443 5613 2716 2176 4961 819 4470 4571 3734 1661 1647 4082 2705 1843 589 5026 2539 4280 5085 3779 2231 4067 4528 4781 5187 2350 1947 3700 2882 4590 2826
545 4025 4358 1760 2824 0 3959 919 3072 2235 3095 1624 2659 3285 3657 3864 4919 3185 1703 4150 2196 3228 2351 3626 4198 5065 3490 5625 4526 2747 3697 3556 1587 1912 3681 3506 2224 3841 2187 2762 4124 4259 3935 3599 1391 2272 2786 4733 5055 1094 2424 3985 3869 3632 1145 4964 1928 4522 3738 4704 2187 4233 3324 2542 1044 2550 1725 4011 3093 905 2518 2615 3387 3157 2097 2420 4182 2948 2951 5273 4411 3157 4955 5107 3165 3970 1432 4799 1546 2182 2261 2596 778 4514 1348 5450 2372 1710
4017 7128 4458 5242 5863 3959 0 4117 5463 5666 4835 5141 3130 6717 6850 4856 8111 6702 5268 3969 5506 6421 5661 5048 7509 8257 5669 9309 4608 6264 7214 7121 5019 5344 2699 3433 5547 7152 5752 3090 7434 7452 7092 6792 4714 5957 6218 8298 6836 4526 5855 7417 7062 7197 4808 8157 5493 7715 7048 7897 3630 7426 2274 5974 2804 5860 3043 7203 6403 4290 4594 3933 6579 6722 5614 5985 4746 6380 1984 6424 7603 6350 8640 7698 6849 7654 2481 6702 4857 3487 5571 5920 4463 7406 3772 7305 1596 5395
645 4711 5044 2446 3509 919 4117 0 3851 3013 3874 1967 2931 4063 4436 4643 5697 3528 2089 4929 2082 4007 2237 4404 4084 5843 4269 6257 5305 3090 4040 3942 2366 2691 3952 3882 2123 3727 2573 3137 4010 5038 4714 4378 1290 2841 3565 5119 5834 1872 3202 4764 4648 4018 1629 5743 2314 5301 3624 5483 2562 5012 3595 3321 1315 2436 1996 4789 2979 1684 3098 2886 4166 3543 2440 2806 4961 3727 3222 6052 5190 3936 5524 5886 3734 4539 1704 5578 1433 2453 2147 2496 1557 5293 1619 6229 2643 2279
3444 1816 1312 1421 551 3072 5463 3851 0 1232 1631 4550 5458 1386 1617 934 2878 6111 3597 2691 5169 1188 5324 696 7171 3024 561 4881 1597 5673 6623 5322 2329 2022 3842 3603 5267 6814 3953 4013 7097 2219 1895 1559 4434 3722 1086 6499 3014 2218 1417 4018 1829 5398 2948 2923 3694 2482 6710 2664 3857 2193 3250 2575 3843 5522 4524 1970 6066 3169 2628 5414 1346 4923 5023 4186 1252 2099 3673 2925 2370 1117 5553 3067 4733 5538 4231 1868 4519 4980 5234 5640 2802 2474 4153 3512 4181 3278
2606 1981 2314 583 780 2235 5666 3013 1232 0 1698 3791 4699 1218 1591 1797 2852 5352 2838 2753 4410 1162 4564 1559 6412 2998 1424 4855 2460 4914 5864 4563 1570 1263 3778 2973 4508 6055 3194 3673 6338 2193 1869 1533 3675 2963 720 5740 2988 1459 658 3259 1803 4639 2189 2897 2935 2456 5951 2637 3098 2166 4113 1816 3084 4763 3765 1944 5306 2410 1869 4654 1320 4164 4264 3427 2116 1340 4536 3207 2344 1091 5527 3041 3974 4778 3472 2733 3760 4221 4475 4881 2043 2448 3394 3384 4411 2519
3467 3206 1832 1559 2040 3095 4835 3874 1631 1698 0 4558 5466 2545 2918 1139 4179 6119 3605 1136 5177 2489 5331 948 7179 4325 1830 6182 2111 5681 6631 5330 2337 1233 2287 2048 5275 6822 3961 2457 7105 3520 3196 2860 4442 3730 2047 6507 3777 2226 1684 4088 3130 5406 2956 4224 3702 3783 6718 3964 3095 3493 3295 2645 3851 5530 4532 3271 6073 3177 2599 5421 2647 4931 5031 4194 1767 2366 3051 3440 3671 2418 6531 4368 4741 5545 4239 2862 4527 4988 5242 5648 2810 3775 4161 4320 3559 3286
1234 5299 5632 3034 4097 1624 5141 1967 4550 3791 4558 0 3933 4661 5033 5240 6295 2325 985 5526 2316 4604 2205 5002 4118 6441 4866 5994 5902 1887 2837 3678 2963 3288 4955 4884 2619 3761 2309 4140 4044 5635 5311 4975 1786 2965 4162 4855 6431 2470 3800 5040 5245 3760 1753 6340 2050 5898 3658 6080 3565 5609 4597 3918 2318 2669 2999 5387 3013 2333 3894 3889 4763 3279 1237 2542 5558 4324 4225 6649 5787 4533 5484 6483 3857 4662 2706 6175 1666 3455 2381 2992 2154 5890 2622 6826 3645 2403
2718 6207 5567 3942 5006 2659 3130 2931 5458 4699 5466 3933 0 5530 5902 6109 7164 5516 4081 5082 4320 5474 4475 5871 6322 7310 5736 8123 5789 5078 6028 5935 3833 4157 3812 4313 4360 5965 4566 3569 6248 6504 6180 5844 3527 4770 5032 7111 7300 3339 4669 6230 6115 6011 3622 7209 4306 6768 5861 6949 2994 6478 3454 4787 1617 4673 1097 6256 5216 3103 3795 1268 5632 5535 4428 4799 5927 5193 3082 7518 6656 5402 7453 7352 5663 6468 1563 7045 3670 566 4385 4733 3276 6760 2585 7695 2502 4208
3656 2021 2468 1633 858 3285 6717 4063 1386 1218 2545 4661 5530 0 1802 2101 3064 6219 3705 3621 5277 1374 5432 1863 7279 3210 1727 5067 2763 5781 6731 5430 2438 2131 4646 3840 5375 6922 4062 4540 7205 2405 2080 1744 4542 3830 1138 6607 3200 2326 1525 4126 2015 5507 3057 3109 3802 2668 6819 2849 3965 2378 4417 2683 3951 5630 4632 2156 6174 3277 2737 5522 1532 5031 5131 4294 2419 2208 4840 3419 2556 1302 5739 3252 4841 5646 4340 2945 4627 5089 5342 5748 2911 2660 4261 3595 5279 3387
4029 2027 2699 2006 1089 3657 6850 4436 1617 1591 2918 5033 5902 1802 0 2323 1673 6575 4061 3977 5633 1506 5788 2085 7636 2405 1950 3676 2986 6138 7088 5667 2794 2487 5002 4197 5732 7279 4418 4896 7561 1014 2212 1607 4899 4186 1550 5400 3014 2683 1882 4482 624 5863 3413 1718 4158 1277 7175 2221 4322 1040 4639 3039 4308 5987 4988 765 6530 3633 3093 5878 1664 5387 5488 4651 2641 2564 5062 3232 1666 710 4348 3066 5197 5196 4696 3076 4984 5445 5698 6104 3267 2473 4618 3659 5635 3743
4235 2608 705 2213 1343 3864 4856 4643 934 1797 1139 5240 6109 2101 2323 0 3594 6826 4312 1717 5884 1903 6039 530 7886 3740 1152 5597 993 6388 7338 6037 3045 2221 3057 2818 5983 7529 4669 3227 7812 2934 2610 2274 5149 4437 1801 7214 2659 2933 2133 4733 2544 6114 3664 3639 4409 3197 7426 3379 3865 2908 2646 3290 4558 6238 5239 2686 6781 3884 3344 6129 2062 5638 5738 4902 648 2815 3069 2321 3086 1832 6269 3521 5448 6253 4462 2184 5234 5696 5949 6355 3518 3229 4868 3202 3577 3994
5290 1805 3960 3267 2351 4919 8111 5697 2878 2852 4179 6295 7164 3064 1673 3594 0 7925 5411 5326 6983 2855 7138 3435 8985 1050 3263 4240 4335 7487 8437 6231 4144 3837 6352 5546 7081 8628 5767 6246 8911 1206 2225 2610 6248 5536 2900 5964 2503 4032 3231 5832 1504 7213 4763 364 5508 1021 8525 866 5671 2731 5989 4389 5657 7336 6338 1651 7880 4983 4442 7228 2271 6737 6837 6000 3991 3913 6412 2721 1382 2060 4912 2555 6547 5759 6045 3089 6333 6795 7048 7454 4617 1963 5967 3148 6985 5093
2795 6860 7193 4595 5658 3185 6702 3528 6111 5352 6119 2325 5516 6219 6575 6826 7925 0 3051 7137 2314 6215 1727 6612 2204 8052 6477 5836 7513 2607 830 4809 4574 4899 6566 6609 3934 3283 4095 5751 3566 7246 6922 6586 3104 4576 5773 4697 8042 4081 5410 6651 6856 5540 3364 7951 3836 7509 2669 7691 5176 7220 6208 5529 3929 2865 4610 6997 2535 3944 5505 5499 6374 4485 1262 3697 7169 5935 5836 8260 7398 6144 5326 8094 5468 5058 4317 7786 2827 5066 3146 4307 3765 7501 4233 8437 5256 4014
1464 4346 4679 2081 3144 1703 5268 2089 3597 2838 3605 985 4081 3705 4061 4312 5411 3051 0 4600 2792 3679 2947 4076 4794 5515 3940 5090 4976 2619 3569 2775 2037 2362 5075 4072 3006 4437 1406 3659 4720 4709 4385 4049 2173 2073 3236 3952 5505 1544 2874 4148 4319 2851 1152 5414 1147 4973 4334 5154 3084 4683 4718 2992 2438 3145 3119 4461 3689 2035 2968 4009 3837 2376 1969 1639 4632 3398 4345 5723 4861 3607 4581 5557 2966 3771 2826 5249 2142 3575 2857 3378 1669 4965 2742 5900 3766 1511
4522 4261 2201 2615 3060 4150 3969 4929 2691 2753 1136 5526 5082 3621 3977 1717 5326 7137 4600 0 6197 3510 6352 2013 8200 5346 2895 7203 2507 6702 7652 6351 3358 2253 1406 1167 6296 7843 4982 1577 8125 4541 4217 3881 5463 4869 3068 7528 4216 3247 2705 5109 4151 6427 3977 5245 4723 4804 7739 4985 2214 4514 2415 3666 3826 6551 4125 4292 7094 3538 3620 5015 3668 5951 6052 5215 2205 3387 2170 3878 4692 3439 7552 5078 5761 6566 3563 3927 5548 4582 6262 6668 3831 4796 4238 4759 2678 4307
1688 5918 6251 3652 4716 2196 5506 2082 5169 4410 5177 2316 4320 5277 5633 5884 6983 2314 2792 6197 0 5148 636 5545 2483 6984 5410 6961 6446 3174 2775 4645 3507 3832 5264 5194 2067 2126 3277 4449 2409 6179 5855 5519 1236 3584 4706 5822 6974 3013 4343 5658 5789 4722 2371 6883 3017 6442 2023 6623 3875 6152 4907 4462 2628 1429 3308 5930 1378 2876 4437 4198 5306 4246 1652 3509 6102 4867 4535 7193 6330 5077 6267 7027 4476 5281 3016 6719 959 3765 1710 2439 2698 6434 2932 7370 3955 3022
3600 1147 2270 1577 661 3228 6421 4007 1188 1162 2489 4604 5474 1374 1506 1903 2855 6215 3679 3510 5148 0 5440 1737 7288 2318 1602 4806 2638 5790 6740 5439 2446 2139 4654 3849 5384 6931 4070 4548 7213 2143 1189 853 4551 3838 1202 6530 2308 2335 1534 4134 1753 5515 3065 2532 3810 2120 6827 1958 3974 2117 4291 2691 3960 5639 4640 1895 6182 3285 2745 5530 640 5039 5140 4303 2293 2216 4714 2527 1664 1041 5478 2361 4849 5654 4348 2053 4636 5097 5350 5756 2919 1768 4270 2704 5287 3395
1843 6073 6406 3807 4871 2351 5661 2237 5324 4564 5331 2205 4475 5432 5788 6039 7138 1727 2947 6352 636 5440 0 5766 1966 7205 5631 6937 6667 2619 2221 4866 3728 4053 5485 5415 2288 1609 3498 4670 1892 6400 6076 5740 1457 3805 4927 5799 7195 3234 4564 5879 6010 4943 2592 7104 3238 6663 1506 6844 4096 6373 5128 4683 2849 1056 3529 6151 861 3097 4659 4419 5527 4467 1097 3731 6323 5088 4756 7414 6551 5298 6488 7248 4697 5502 3237 6940 1180 3986 1499 2660 2919 6655 3153 7591 4176 3243
3997 2369 897 1974 1105 3626 5048 4404 696 1559 948 5002 5871 1863 2085 530 3435 6612 4076 2013 5545 1737 5766 0 7667 3521 933 5378 1214 6169 7119 5819 2826 1999 3172 2933 5764 7310 4450 3342 7593 2715 2391 2055 4931 4218 1582 6995 2880 2715 1914 4514 2325 5895 3445 3420 4190 2979 7207 3160 4354 2689 2867 3071 4340 6019 5020 2467 6562 3665 3125 5910 1843 5419 5520 4683 870 2596 3291 2543 2867 1613 6050 3563 5229 6034 4728 1965 5016 5477 5730 6136 3299 2970 4649 3423 3799 3775
3690 7920 8253 5655 6718 4198 7509 4084 7171 6412 7179 4118 6322 7279 7636 7886 8985 2204 4794 8200 2483 7288 1966 7667 0 8991 7417 7835 8453 4497 1683 6653 5514 5839 7272 7201 4074 1527 5284 6457 1795 8186 7862 7526 3243 5591 6713 6696 8981 5020 6350 7666 7796 6729 4379 8891 5024 8449 493 8631 5882 8160 6914 6469 4635 2859 5315 7937 1231 4884 6445 6205 7313 6253 2974 5517 8109 6875 6542 9200 8337 7084 7325 9034 6483 7057 5023 8726 2967 5772 3285 4446 4705 8441 4939 9377 5962 5029
5436 1304 4106 3414 2497 5065 8257 5843 3024 2998 4325 6441 7310 3210 2405 3740 1050 8052 5515 5346 6984 2318 7205 3521 8991 0 3409 4966 4483 7635 8585 6957 4291 3984 6499 5694 7229 8776 5915 6394 9058 1933 1736 2121 6396 5683 3047 6691 2014 4180 3379 5979 2230 7360 4910 864 5656 1747 8672 377 5819 3457 6136 4536 5805 7484 6485 2378 8027 5130 4590 7375 1782 6884 6985 6148 4138 4061 6559 2233 1644 2786 5639 2067 6694 6486 6193 2600 6481 6942 7195 7601 4764 1474 6115 2659 7132 5240
3862 2197 1518 1839 855 3490 5669 4269 561 1424 1830 4866 5736 1727 1950 1152 3263 6477 3940 2895 5410 1602 5631 933 7417 3409 0 5216 1797 5998 6948 5647 2654 2347 4042 3803 5592 7139 4278 4213 7422 2553 2229 1884 4759 4047 1411 6824 3349 2543 1742 4343 2163 5723 3273 3258 4019 2817 7035 2998 4182 2527 3450 2900 4168 5847 4849 2305 6390 3494 2953 5739 1671 5248 5348 4511 1452 2424 3873 3125 2705 1442 5888 3401 5058 5863 4556 1857 4844 5305 5559 5965 3127 2809 4478 3501 4381 3603
5633 4939 5963 5270 4354 5625 9309 6257 4881 4855 6182 5994 8123 5067 3676 5597 4240 5836 5090 7203 6961 4806 6937 5378 7835 4966 5216 0 6267 7284 6477 3387 5648 5769 8284 7479 7182 8188 3915 7269 8896 3874 5311 4806 6349 4609 4832 3121 5874 5155 5163 4069 3484 4027 4780 4243 4596 4137 8510 4745 6695 2479 7921 4630 6614 7322 7295 3583 7865 5646 6375 8185 4946 3872 6495 3467 5923 3943 8344 6093 4526 3992 779 5927 2738 1719 7003 6175 6318 7752 7033 7554 5280 5334 6918 6519 7942 3936
4898 3270 664 2875 2005 4526 4608 5305 1597 2460 2111 5902 5789 2763 2986 993 4335 7513 4976 2507 6446 2638 6667 1214 8453 4483 1797 6267 0 7024 7974 6673 3680 3139 3447 3570 6618 8165 5304 3980 8447 3569 3245 2909 5785 5072 2436 7849 2879 3569 2768 5368 3179 6749 4299 4274 5044 3833 8061 4014 5208 3543 2420 3925 4559 6873 4798 3321 7416 4519 3979 5688 2697 6273 6374 5537 864 3450 2843 2541 3721 2467 6904 3741 6083 6888 4236 2819 5870 5255 6584 6990 4153 3449 5504 3422 3351 4629
2357 6422 6755 4157 5220 2747 6264 3090 5673 4914 5681 1887 5078 5781 6138 6388 7487 2607 2619 6702 3174 5790 2619 6169 4497 7635 5998 7284 7024 0 3281 5030 4141 4465 6132 6175 3796 4206 3662 5317 4488 6812 6488 6152 2963 4142 5339 6207 7608 3647 4977 6217 6422 5107 2930 7517 3402 7076 4102 7257 4742 6786 5775 5095 3495 3787 4176 6564 3457 3510 5071 5066 5940 4631 1682 3894 6735 5501 5402 7826 6964 5710 6836 7660 5035 5840 3883 7352 2843 4633 3558 4169 3331 7068 3799 8003 4823 3580
3307 7372 7705 5107 6170 3697 7214 4040 6623 5864 6631 2837 6028 6731 7088 7338 8437 830 3569 7652 2775 6740 2221 7119 1683 8585 6948 6477 7974 3281 0 5458 5071 5395 7062 7105 4431 3177 4592 6247 3444 7743 7418 7082 3600 5072 6270 5346 8538 4577 5907 7147 7353 6037 3860 8447 4332 8006 2143 8187 5672 7716 6705 6025 4425 3361 5106 7494 3031 4440 6001 5996 6870 5133 1758 4346 7665 6431 6332 8757 7894 6640 5974 8591 5965 5707 4814 8283 3323 5563 3642 4803 4261 7998 4729 8933 5753 4510
3318 6071 6404 3806 4870 3556 7121 3942 5322 4563 5330 3678 5935 5430 5667 6037 6231 4809 2775 6351 4645 5439 4866 5819 6653 6957 5647 3387 6673 5030 5458 0 3747 4072 6589 5782 4841 6272 1574 5368 6555 5838 6095 5759 4007 3783 4946 996 7214 3253 4583 4930 5448 1371 2862 6207 2254 6101 6168 6709 4794 5397 6553 4702 4273 4980 4954 5547 5524 3745 4678 5844 5546 518 4293 1169 6342 5108 6180 7433 6490 5317 2883 7267 3599 2616 4661 6959 3977 5410 4692 5213 3379 6674 4577 7610 5600 3221
1959 3078 3411 813 1877 1587 5019 2366 2329 1570 2337 2963 3833 2438 2794 3045 4144 4574 2037 3358 3507 2446 3728 2826 5514 4291 2654 5648 3680 4141 5071 3747 0 1153 3668 2863 3695 5242 2381 2859 5524 3500 3176 2840 2862 2149 2027 4926 4296 646 1665 2818 3110 3826 1376 4205 2121 3764 5138 3945 2285 3474 4550 1496 2271 3950 2951 3252 4493 1596 1759 3841 2628 3350 3451 2614 3423 2189 4178 4514 3652 2398 4951 4348 3160 3965 2659 4040 2947 3408 3661 4067 1230 3755 2581 4691 3598 1706
2284 2771 2870 506 1570 1912 5344 2691 2022 1263 1233 3288 4157 2131 2487 2221 3837 4899 2362 2253 3832 2139 4053 1999 5839 3984 2347 5769 3139 4465 5395 4072 1153 0 2699 1894 4042 5589 2729 2593 5872 3129 2805 2469 3209 2497 1657 5274 3925 993 1294 2855 2740 4174 1724 3834 2469 3393 5486 3574 2632 3103 3708 1412 2618 4297 3299 2881 4841 1944 1366 4189 2257 3698 3798 2961 2826 1818 3463 4144 3281 2027 5299 3977 3508 4313 3007 3670 3294 3756 4009 4415 1578 3385 2928 4320 3946 2054
3739 5286 3281 3021 4085 3681 2699 3952 3842 3778 2287 4955 3812 4646 5002 3057 6352 6566 5075 1406 5264 4654 5485 3172 7272 6499 4042 8284 3447 6132 7062 6589 3668 2699 0 892 5294 6899 5153 1301 7181 5738 5414 5078 4461 5040 4266 7699 5568 3498 3903 5484 5348 6598 4148 6443 4894 6002 6795 6183 1939 5712 1080 4041 2551 5607 2790 5490 6150 3263 3391 3680 4866 6123 5362 5386 3553 4447 836 5230 5890 4636 7723 6430 5933 6738 2228 5125 4604 3247 5319 5667 4002 5994 3519 6111 1344 4478
3669 4481 3302 2216 3280 3506 3433 3882 3603 2973 2048 4884 4313 3840 4197 2818 5546 6609 4072 1167 5194 3849 5415 2933 7201 5694 3803 7479 3570 6175 7105 5782 2863 1894 892 0 5178 6782 4511 741 7065 4912 4588 4252 4345 4279 3439 7139 5309 2775 3076 4637 4522 5956 3506 5616 4251 5175 6679 5356 1379 4885 1856 3194 2990 5491 3205 4663 6034 2703 2831 4094 4039 5480 5245 4743 3298 3600 1612 4971 5063 3810 7163 5760 5290 6178 2643 4881 4487 3661 5202 5550 3443 5167 3402 5852 2120 3836
1756 6016 6349 3751 4815 2224 5547 2123 5267 4508 5275 2619 4360 5375 5732 5983 7081 3934 3006 6296 2067 5384 2288 5764 4074 7229 5592 7182 6618 3796 4431 4841 3695 4042 5294 5178 0 3797 3550 4594 4080 6389 6065 5729 1173 3818 4916 6096 7184 3223 4553 5893 5999 4995 2606 7094 3291 6652 3694 6834 4019 6363 5051 4672 2772 2505 3453 6140 3049 3034 4554 4342 5516 4520 3242 3783 6312 5077 4679 7403 6540 5287 6501 7237 4711 5516 3160 6929 1502 3909 2217 1389 2908 6644 2346 7580 4099 3256
3333 7563 7896 5298 6361 3841 7152 3727 6814 6055 6822 3761 5965 6922 7279 7529 8628 3283 4437 7843 2126 6931 1609 7310 1527 8776 7139 8188 8165 4206 3177 6272 5242 5589 6899 6782 3797 0 4912 6084 1423 7864 7490 7154 2871 5227 6341 7063 8660 4699 6029 7302 7424 6357 4015 8569 4652 8128 1046 8259 5510 7788 6542 6147 4263 2487 4943 7565 859 4562 6073 5833 6992 5881 2602 5145 7737 6553 6170 8828 7965 6762 7692 8662 6119 6924 4651 8354 2595 5400 2913 4074 4383 8120 4567 9005 5590 4665
1949 4702 5035 2437 3501 2187 5752 2573 3953 3194 3961 2309 4566 4062 4418 4669 5767 4095 1406 4982 3277 4070 3498 4450 5284 5915 4278 3915 5304 3662 4592 1574 2381 2729 5153 4511 3550 4912 0 4071 5257 5121 4797 4461 2710 2486 3648 2738 5917 1956 3286 4560 4731 2661 1564 5826 957 5385 4871 5566 3496 5095 5255 3404 2976 3683 3656 4873 4226 2447 3380 4546 4249 1162 2995 425 5044 3810 4883 6135 5273 4019 3367 5969 3378 3099 3364 5661 2680 4113 3394 3916 2081 5377 3280 6312 4303 1924
2924 5181 3711 2916 3979 2762 3090 3137 4013 3673 2457 4140 3569 4540 4896 3227 6246 5751 3659 1577 4449 4548 4670 3342 6457 6394 4213 7269 3980 5317 6247 5368 2859 2593 1301 741 4594 6084 4071 0 6482 5521 5197 4861 3762 3898 4048 6556 5757 2356 3686 5247 5131 5456 3006 6226 3751 5784 6096 5966 796 5495 2113 3804 2408 4908 2622 5273 5451 2120 2249 3512 4649 4980 4662 4244 3746 4210 1741 5419 5673 4419 6581 6369 4790 5595 2060 5329 3905 3079 4619 4968 2860 5776 2820 6300 1668 3336
3616 7846 8179 5581 6644 4124 7434 4010 7097 6338 7105 4044 6248 7205 7561 7812 8911 3566 4720 8125 2409 7213 1892 7593 1795 9058 7422 8896 8447 4488 3444 6555 5524 5872 7181 7065 4080 1423 5257 6482 0 8080 7756 7420 3138 5493 6607 7570 8876 4915 6244 7568 7690 6623 4281 8785 4919 8343 1340 8525 5776 8054 6808 6363 4529 2097 5210 7832 1125 4778 6339 6099 7208 6147 2869 5411 8003 6769 6436 9094 8232 6978 8176 8928 6386 7190 4917 8620 2861 5666 3180 4341 4599 8335 4833 9271 5856 4931
4631 1280 3301 2608 1691 4259 7452 5038 2219 2193 3520 5635 6504 2405 1014 2934 1206 7246 4709 4541 6179 2143 6400 2715 8186 1933 2553 3874 3569 6812 7743 5838 3500 3129 5738 4912 6389 7864 5121 5521 8080 0 1769 2154 5575 4863 2227 5654 2332 3359 2558 5159 394 6539 4089 1325 4835 595 7851 1828 4998 2057 5315 3716 4984 6663 5665 994 7206 4310 3769 6554 1815 6064 6164 5327 3318 3240 5739 2550 984 1386 4602 2384 5874 5450 5372 2633 5660 6121 6375 6781 3943 1792 5294 2977 6311 4419
4307 524 2977 2284 1367 3935 7092 4714 1895 1869 3196 5311 6180 2080 2212 2610 2225 6922 4385 4217 5855 1189 6076 2391 7862 1736 2229 5311 3245 6488 7418 6095 3176 2805 5414 4588 6065 7490 4797 5197 7756 1769 0 953 5228 4515 1879 7046 1676 3011 2211 4811 1786 6192 3742 1899 4487 1487 7504 1325 4651 2794 4968 3368 4637 6316 5317 2386 6859 3962 3422 6207 614 5716 5816 4980 2970 2893 5456 1894 1032 1718 5994 1728 5526 6331 5025 864 5312 5774 6027 6433 3596 1136 4946 1948 5964 4072
3971 909 2641 1948 1031 3599 6792 4378 1559 1533 2860 4975 5844 1744 1607 2274 2610 6586 4049 3881 5519 853 5740 2055 7526 2121 1884 4806 2909 6152 7082 5759 2840 2469 5078 4252 5729 7154 4461 4861 7420 2154 953 0 4886 4174 1538 6511 2072 2670 1869 4470 1735 5850 3400 2295 4146 1883 7162 1721 4309 2370 4626 3027 4295 5974 4976 1876 6518 3621 3080 5866 404 5375 5475 4638 2629 2551 5050 2291 1428 1352 5459 2125 5185 5990 4683 1817 4971 5432 5686 6092 3254 1532 4605 2467 5622 3730
923 5183 5516 2918 3982 1391 4714 1290 4434 3675 4442 1786 3527 4542 4899 5149 6248 3104 2173 5463 1236 4551 1457 4931 3243 6396 4759 6349 5785 2963 3600 4007 2862 3209 4461 4345 1173 2871 2710 3762 3138 5575 5228 4886 0 2951 4048 5228 6317 2356 3686 5247 5131 4128 1739 6226 2423 5784 2826 5966 3151 5495 4184 3804 1904 1637 2585 5273 2181 2167 3780 3475 4649 3652 2374 2915 5444 4210 3811 6535 5673 4419 5634 6369 3843 4648 2293 6061 634 3042 1349 1516 2040 5776 2208 6712 3232 2389
2217 4471 4804 2205 3269 2272 5957 2841 3722 2963 3730 2965 4770 3830 4186 4437 5536 4576 2073 4869 3584 3838 3805 4218 5591 5683 4047 4609 5072 4142 5072 3783 2149 2497 5040 4279 3818 5227 2486 3898 5493 4863 4515 4174 2951 0 3276 4554 5544 1583 2913 3319 4359 3269 1406 5453 1972 5012 5168 5193 3321 4722 5488 3032 3209 3980 3890 4500 4523 2272 3008 4779 3876 3380 3399 2643 4672 3437 5116 5763 4900 3647 3927 5597 2136 2941 3597 5289 2977 4346 3691 4149 1906 5004 3513 5940 4536 824
3158 1835 2168 1135 633 2786 6218 3565 1086 720 2047 4162 5032 1138 1550 1801 2900 5773 3236 3068 4706 1202 4927 1582 6713 3047 1411 4832 2436 5339 6270 4946 2027 1657 4266 3439 4916 6341 3648 4048 6607 2227 1879 1538 4048 3276 0 6105 3048 1824 1023 3624 1862 5004 2554 2957 3300 2515 6316 2697 3463 2226 4172 2181 3449 5128 4130 2003 5671 2775 2234 5019 1380 4529 4629 3792 2175 1705 4596 3266 2404 1150 5587 3100 4339 5143 3837 2792 4125 4586 4840 5246 2408 2507 3759 3443 4776 2884
4494 6664 7581 4983 6078 4733 8298 5119 6499 5740 6507 4855 7111 6607 5400 7214 5964 4697 3952 7528 5822 6530 5799 6995 6696 6691 6824 3121 7849 6207 5346 996 4926 5274 7699 7139 6096 7063 2738 6556 7570 5654 7046 6511 5228 4554 6105 0 7560 4217 5547 4651 5170 1638 4101 5929 3494 5823 7132 6431 5757 5119 7792 5665 5237 5944 5917 5269 6487 4708 5641 6807 6632 1483 5532 2366 7305 6071 7143 7778 6212 5678 2605 7612 3320 2337 5625 7861 4941 6374 5655 6177 4342 7020 5541 8205 6564 3722
5426 1294 2703 3404 2487 5055 6836 5834 3014 2988 3777 6431 7300 3200 3014 2659 2503 8042 5505 4216 6974 2308 7195 2880 8981 2014 3349 5874 2879 7608 8538 7214 4296 3925 5568 5309 7184 8660 5917 5757 8876 2332 1676 2072 6317 5544 3048 7560 0 4160 3359 5959 2406 7340 4890 2277 5635 2108 8652 1601 5799 3942 4549 4516 5785 7464 6465 3006 8007 5110 4570 7355 1762 6864 6964 6128 2470 4041 4972 353 1652 2866 6614 998 6674 7462 6173 2580 6461 6922 7175 7581 4744 706 6094 744 5480 5220
1465 2967 3300 702 1766 1094 4526 1872 2218 1459 2226 2470 3339 2326 2683 2933 4032 4081 1544 3247 3013 2335 3234 2715 5020 4180 2543 5155 3569 3647 4577 3253 646 993 3498 2775 3223 4699 1956 2356 4915 3359 3011 2670 2356 1583 1824 4217 4160 0 1387 2949 2833 3410 960 3928 1706 3486 4722 3668 1869 3197 4135 1506 1855 3534 2536 2974 4077 1181 1482 3426 2350 2935 3035 2198 3146 1911 3762 4237 3374 2121 4535 4071 2745 3550 2243 3763 2531 2992 3246 3652 814 3478 2165 4414 3182 1290
2795 2166 2499 772 965 2424 5855 3202 1417 658 1684 3800 4669 1525 1882 2133 3231 5410 2874 2705 4343 1534 4564 1914 6350 3379 1742 5163 2768 4977 5907 4583 1665 1294 3903 3076 4553 6029 3286 3686 6244 2558 2211 1869 3686 2913 1023 5547 3359 1387 0 2656 2197 4682 2232 3291 2977 2850 5994 3031 3141 2560 4507 1213 3127 4806 3807 2338 5349 2452 1912 4697 1714 4206 4307 3470 2509 817 4585 3601 2738 1485 5807 3435 4016 4821 3515 3127 3803 4264 4517 4923 2086 2842 3437 3777 4454 2562
4372 4767 5100 2501 3565 3985 7417 4764 4018 3259 4088 5040 6230 4126 4482 4733 5832 6651 4148 5109 5658 4134 5879 4514 7666 5979 4343 4069 5368 6217 7147 4930 2818 2855 5484 4637 5893 7302 4560 5247 7568 5159 4811 4470 5247 3319 3624 4651 5959 2949 2656 0 4741 5040 3466 5836 3743 5395 7228 5576 4669 4358 6358 1508 4655 6040 5336 4883 6583 3981 3440 6225 4259 5347 5459 4611 5054 1860 6113 6145 5283 4029 3341 5979 1550 2355 5043 5671 5037 5792 5752 6209 3614 5387 4965 6322 5982 2622
4241 1403 2911 2218 1301 3869 7062 4648 1829 1803 3130 5245 6115 2015 624 2544 1504 6856 4319 4151 5789 1753 6010 2325 7796 2230 2163 3484 3179 6422 7353 5448 3110 2740 5348 4522 5999 7424 4731 5131 7690 394 1786 1735 5131 4359 1862 5170 2406 2833 2197 4741 0 6143 3693 1313 4439 651 7455 1815 4602 1661 4919 3319 4588 6267 5268 598 6810 3913 3373 6158 1871 5667 5768 4931 2921 2844 5342 2606 1040 990 4181 2440 5477 5028 4976 2689 5264 5725 5978 6384 3547 1848 4898 3033 5915 4023
3394 6147 6480 3882 4946 3632 7197 4018 5398 4639 5406 3760 6011 5507 5863 6114 7213 5540 2851 6427 4722 5515 4943 5895 6729 7360 5723 4027 6749 5107 6037 1371 3826 4174 6598 5956 4995 6357 2661 5456 6623 6539 6192 5850 4128 3269 5004 1638 7340 3410 4682 5040 6143 0 2941 7203 1958 6761 6247 6943 4873 6472 6632 4781 4352 5059 5033 6249 5603 3824 4757 5923 5625 865 4372 2826 6421 5187 6259 7512 6650 5396 3513 7346 3881 3245 4740 7038 4056 5489 4771 5292 3458 6753 4656 7689 5679 2427
1005 3697 4031 1432 2496 1145 4808 1629 2948 2189 2956 1753 3622 3057 3413 3664 4763 3364 1152 3977 2371 3065 2592 3445 4379 4910 3273 4780 4299 2930 3860 2862 1376 1724 4148 3506 2606 4015 1564 3006 4281 4089 3742 3400 1739 1406 2554 4101 4890 960 2232 3466 3693 2941 0 4764 1277 4323 3974 4504 2434 4033 4294 2342 2015 2786 2695 3811 3329 1385 2318 3585 3187 2506 2205 1769 3982 2748 3922 5073 4211 2957 4106 4907 2316 3121 2403 4599 1783 3152 2497 2955 1019 4315 2319 5250 3342 861
5336 1517 4006 3313 2396 4964 8157 5743 2923 2897 4224 6340 7209 3109 1718 3639 364 7951 5414 5245 6883 2532 7104 3420 8891 864 3258 4243 4274 7517 8447 6207 4205 3834 6443 5616 7094 8569 5826 6226 8785 1325 1899 2295 6226 5453 2957 5929 2277 3928 3291 5836 1313 7203 4764 0 5563 1076 8579 646 5726 2786 6043 4444 5712 7391 6393 1706 7935 5038 4497 7283 2051 6792 6892 6055 4046 3968 6467 2501 1170 2115 4967 2335 6602 5814 6100 2869 6388 6849 7103 7509 4671 1742 6022 2928 7039 5147
1689 4443 4776 2178 3241 1928 5493 2314 3694 2935 3702 2050 4306 3802 4158 4409 5508 3836 1147 4723 3017 3810 3238 4190 5024 5656 4019 4596 5044 3402 4332 2254 2121 2469 4894 4251 3291 4652 957 3751 4919 4835 4487 4146 2423 1972 3300 3494 5635 1706 2977 3743 4439 1958 1277 5563 0 5055 4541 5236 3166 4765 4925 3075 2646 3353 3327 4543 3896 2118 3050 4216 3919 1856 2666 1119 4714 3480 4553 5806 4943 3690 4061 5640 2603 3408 3034 5332 2350 3783 3065 3586 1751 5047 2950 5982 3973 1148
4894 1105 3564 2871 1955 4522 7715 5301 2482 2456 3783 5898 6768 2668 1277 3197 1021 7509 4973 4804 6442 2120 6663 2979 8449 1747 2817 4137 3833 7076 8006 6101 3764 3393 6002 5175 6652 8128 5385 5784 8343 595 1487 1883 5784 5012 2515 5823 2108 3486 2850 5395 651 6761 4323 1076 5055 0 8172 1583 5318 2378 5636 4036 5304 6984 5985 1315 7527 4630 4090 6875 1550 6384 6484 5647 3638 3561 6059 2285 719 1707 4923 2119 6194 5770 5693 2368 5980 6442 6695 7101 4264 1526 5614 2712 6632 4740
3230 7459 7793 5194 6258 3738 7048 3624 6710 5951 6718 3658 5861 6819 7175 7426 8525 2669 4334 7739 2023 6827 1506 7207 493 8672 7035 8510 8061 4102 2143 6168 5138 5486 6795 6679 3694 1046 4871 6096 1340 7851 7504 7162 2826 5168 6316 7132 8652 4722 5994 7228 7455 6247 3974 8579 4541 8172 0 8137 5389 7666 6421 6026 4142 2365 4822 7444 738 4441 6002 5712 6820 5760 2481 5023 7615 6381 6048 8707 7844 6591 7789 8541 5998 6803 4530 8233 2473 5279 2792 3953 4212 7948 4445 8883 5469 4544
5076 943 3746 3053 2136 4704 7897 5483 2664 2637 3964 6080 6949 2849 2221 3379 866 7691 5154 4985 6623 1958 6844 3160 8631 377 2998 4745 4014 7257 8187 6709 3945 3574 6183 5356 6834 8259 5566 5966 8525 1828 1325 1721 5966 5193 2697 6431 1601 3668 3031 5576 1815 6943 4504 646 5236 1583 8137 0 5442 3269 5759 4159 5428 7107 6108 2190 7650 4753 4213 6998 1405 6507 6607 5771 3761 3684 6182 1855 1267 2509 5450 1689 6317 6298 5816 2223 6103 6565 6818 7224 4387 1097 5737 2282 6755 4863
2349 4606 4939 2341 3405 2187 3630 2562 3857 3098 3095 3565 2994 3965 4322 3865 5671 5176 3084 2214 3875 3974 4096 4354 5882 5819 4182 6695 5208 4742 5672 4794 2285 2632 1939 1379 4019 5510 3496 796 5776 4998 4651 4309 3151 3321 3463 5757 5799 1869 3141 4669 4602 4873 2434 5726 3166 5318 5389 5442 0 4865 2865 3174 1778 4278 1992 4643 4821 1490 1619 2882 4019 4350 4033 3614 4814 3580 2493 5905 5043 3789 5951 5739 4160 4965 1430 5431 3275 2449 3990 4338 2230 5147 2190 6082 2172 2706
4605 2749 3275 2582 1665 4233 7426 5012 2193 2166 3493 5609 6478 2378 1040 2908 2731 7220 4683 4514 6152 2117 6373 2689 8160 3457 2527 2479 3543 6786 7716 5397 3474 3103 5712 4885 6363 7788 5095 5495 8054 2057 2794 2370 5495 4722 2226 5119 3942 3197 2560 4358 1661 6472 4033 2786 4765 2378 7666 3269 4865 0 5213 3181 4882 6561 5562 1854 7104 4207 3667 6452 2238 5961 6062 5225 3215 2493 5636 4124 2754 1284 3234 3958 5193 4174 5270 3650 5558 6019 6272 6678 3841 3366 5191 4301 6209 4317
3382 4923 2254 4030 3659 3324 2274 3595 3250 4113 3295 4597 3454 4417 4639 2646 5989 6208 4718 2415 4907 4291 5128 2867 6914 6136 3450 7921 2420 5775 6705 6553 4550 3708 1080 1856 5051 6542 5255 2113 6808 5315 4968 4626 4184 5488 4172 7792 4549 4135 4507 6358 4919 6632 4294 6043 4925 5636 6421 5759 2865 5213 0 5097 2324 5380 2563 5030 5923 3810 4114 3453 4406 6242 5135 5505 2573 5159 609 4250 5430 4176 8160 5450 6370 7174 2001 4528 4377 3020 5092 5440 3983 5158 3292 5131 1117 4915
2914 3324 3657 1058 2122 2542 5974 3321 2575 1816 2645 3918 4787 2683 3039 3290 4389 5529 2992 3666 4462 2691 4683 3071 6469 4536 2900 4630 3925 5095 6025 4702 1496 1412 4041 3194 4672 6147 3404 3804 6363 3716 3368 3027 3804 3032 2181 5665 4516 1506 1213 1508 3319 4781 2342 4444 3075 4036 6026 4159 3174 3181 5097 0 3229 4908 3909 3456 5451 2554 2014 4799 2832 4308 4409 3572 3628 829 4687 4719 3856 2603 4653 4553 2863 3667 3617 4245 3905 4366 4619 5025 2188 3960 3538 4896 4556 2664
1102 4592 4393 2327 3391 1044 2804 1315 3843 3084 3851 2318 1617 3951 4308 4558 5657 3929 2438 3826 2628 3960 2849 4340 4635 5805 4168 6614 4559 3495 4425 4273 2271 2618 2551 2990 2772 4263 2976 2408 4529 4984 4637 4295 1904 3209 3449 5237 5785 1855 3127 4655 4588 4352 2015 5712 2646 5304 4142 5428 1778 4882 2324 3229 0 3056 681 4639 3599 1486 2385 1570 4015 3918 2811 3181 4810 3576 1907 5901 5039 3785 5836 5735 4046 4850 388 5427 2053 1137 2768 3116 1659 5142 968 6078 1327 2591
2042 6271 6604 4006 5070 2550 5860 2436 5522 4763 5530 2669 4673 5630 5987 6238 7336 2865 3145 6551 1429 5639 1056 6019 2859 7484 5847 7322 6873 3787 3361 4980 3950 4297 5607 5491 2505 2487 3683 4908 2097 6663 6316 5974 1637 3980 5128 5944 7464 3534 4806 6040 6267 5059 2786 7391 3353 6984 2365 7107 4278 6561 5380 4908 3056 0 3759 6381 1804 3327 4888 4649 5757 4697 2092 3960 6552 5318 4985 7643 6781 5527 6717 7477 4935 5732 3467 7170 1410 4216 1154 2360 3148 6885 3382 7820 4406 3481
1783 5273 4632 3008 4071 1725 3043 1996 4524 3765 4532 2999 1097 4632 4988 5239 6338 4610 3119 4125 3308 4640 3529 5020 5315 6485 4849 7295 4798 4176 5106 4954 2951 3299 2790 3205 3453 4943 3656 2622 5210 5665 5317 4976 2585 3890 4130 5917 6465 2536 3807 5336 5268 5033 2695 6393 3327 5985 4822 6108 1992 5562 2563 3909 681 3759 0 5319 4279 2166 2857 1064 4695 4598 3490 3861 4990 4256 2144 6581 5719 4465 6516 6415 4725 5530 626 6107 2733 631 3447 3796 2339 5822 1648 6758 1565 3271
4382 2003 3052 2359 1443 4011 7203 4789 1970 1944 3271 5387 6256 2156 765 2686 1651 6997 4461 4292 5930 1895 6151 2467 7937 2378 2305 3583 3321 6564 7494 5547 3252 2881 5490 4663 6140 7565 4873 5273 7832 994 2386 1876 5273 4500 2003 5269 3006 2974 2338 4883 598 6249 3811 1706 4543 1315 7444 2190 4643 1854 5030 3456 4639 6381 5319 0 6923 4026 3485 6271 2057 5780 5880 5043 3034 2956 5455 3202 1635 1103 4285 3036 5590 5132 5088 3284 5376 5838 6091 6497 3660 2443 5010 3628 6028 4136
2585 6814 7148 4549 5613 3093 6403 2979 6066 5306 6073 3013 5216 6174 6530 6781 7880 2535 3689 7094 1378 6182 861 6562 1231 8027 6390 7865 7416 3457 3031 5524 4493 4841 6150 6034 3049 859 4226 5451 1125 7206 6859 6518 2181 4523 5671 6487 8007 4077 5349 6583 6810 5603 3329 7935 3896 7527 738 7650 4821 7104 5923 5451 3599 1804 4279 6923 0 3800 5361 5122 6230 5170 1891 4433 7025 5791 5458 8117 7254 6001 7199 7951 5408 6213 3940 7643 1883 4689 2202 3363 3621 7358 3855 8293 4879 3954
1276 3918 4251 1653 2716 905 4290 1684 3169 2410 3177 2333 3103 3277 3633 3884 4983 3944 2035 3538 2876 3285 3097 3665 4884 5130 3494 5646 4519 3510 4440 3745 1596 1944 3263 2703 3034 4562 2447 2120 4778 4310 3962 3621 2167 2272 2775 4708 5110 1181 2452 3981 3913 3824 1385 5038 2118 4630 4441 4753 1490 4207 3810 2554 1486 3327 2166 4026 3800 0 2065 3086 3377 3345 2831 2608 4172 2938 3423 5263 4401 3147 4945 5097 3155 3959 1904 4789 2327 2653 3042 3419 768 4504 1826 5440 2843 1700
2890 3377 3710 1112 2176 2518 4594 3098 2628 1869 2599 3894 3795 2737 3093 3344 4442 5505 2968 3620 4437 2745 4659 3125 6445 4590 2953 6375 3979 5071 6001 4678 1759 1366 3391 2831 4554 6073 3380 2249 6339 3769 3422 3080 3780 3008 2234 5641 4570 1482 1912 3440 3373 4757 2318 4497 3050 4090 6002 4213 1619 3667 4114 2014 2385 4888 2857 3485 5361 2065 0 3791 2934 4375 4476 3639 3729 2495 3759 4821 3958 2705 5976 4655 4185 4990 2438 4347 3972 3358 4686 4877 2255 4062 2730 4997 3180 2731
2673 6163 5522 3897 4961 2615 3933 2886 5414 4654 5421 3889 1268 5522 5878 6129 7228 5499 4009 5015 4198 5530 4419 5910 6205 7375 5739 8185 5688 5066 5996 5844 3841 4189 3680 4094 4342 5833 4546 3512 6099 6554 6207 5866 3475 4779 5019 6807 7355 3426 4697 6225 6158 5923 3585 7283 4216 6875 5712 6998 2882 6452 3453 4799 1570 4649 1064 6271 5122 3086 3791 0 5555 5459 4351 4722 5850 5117 3005 7442 6579 5326 7377 7276 5586 6391 1486 6968 3593 781 4308 4656 3200 6683 2509 7619 2426 4132
3758 570 2428 1736 819 3387 6579 4166 1346 1320 2647 4763 5632 1532 1664 2062 2271 6374 3837 3668 5306 640 5527 1843 7313 1782 1671 4946 2697 5940 6870 5546 2628 2257 4866 4039 5516 6992 4249 4649 7208 1815 614 404 4649 3876 1380 6632 1762 2350 1714 4259 1871 5625 3187 2051 3919 1550 6820 1405 4019 2238 4406 2832 4015 5757 4695 2057 6230 3377 2934 5555 0 5200 5300 4463 2454 2376 4875 1961 1099 1201 5638 1795 5010 5814 4508 1487 4796 5257 5511 5917 3079 1202 4430 2138 5447 3555
2918 5672 6005 3406 4470 3157 6722 3543 4923 4164 4931 3279 5535 5031 5387 5638 6737 4485 2376 5951 4246 5039 4467 5419 6253 6884 5248 3872 6273 4631 5133 518 3350 3698 6123 5480 4520 5881 1162 4980 6147 6064 5716 5375 3652 3380 4529 1483 6864 2935 4206 5347 5667 865 2506 6792 1856 6384 5760 6507 4350 5961 6242 4308 3918 4697 4598 5780 5170 3345 4375 5459 5200 0 3885 761 5933 4699 5772 7025 6162 4909 3360 6859 4075 3092 4253 6551 3569 5002 4284 4805 2970 6266 4169 7201 5192 2813
1707 5772 6105 3507 4571 2097 5614 2440 5023 4264 5031 1237 4428 5131 5488 5738 6837 1262 1969 6052 1652 5140 1097 5520 2974 6985 5348 6495 6374 1682 1758 4293 3451 3798 5362 5245 3242 2602 2995 4662 2869 6164 5816 5475 2374 3399 4629 5532 6964 3035 4307 5459 5768 4372 2205 6892 2666 6484 2481 6607 4033 6062 5135 4409 2811 2092 3490 5880 1891 2831 4476 4351 5300 3885 0 3210 6050 4816 4717 7142 6279 5026 5926 6976 4350 5155 3199 6668 2187 3948 2506 3484 2647 6383 3115 7318 4138 2896
2182 4935 5268 2670 3734 2420 5985 2806 4186 3427 4194 2542 4799 4294 4651 4902 6000 3697 1639 5215 3509 4303 3731 4683 5517 6148 4511 3467 5537 3894 4346 1169 2614 2961 5386 4743 3783 5145 425 4244 5411 5327 4980 4638 2915 2643 3792 2366 6128 2198 3470 4611 4931 2826 1769 6055 1119 5647 5023 5771 3614 5225 5505 3572 3181 3960 3861 5043 4433 2608 3639 4722 4463 761 3210 0 5216 3981 5054 6307 5444 4191 2941 6141 3549 2674 3535 5833 2851 4284 3566 4087 2252 5548 3451 6484 4474 2095
4554 2926 688 2531 1661 4182 4746 4961 1252 2116 1767 5558 5927 2419 2641 648 3991 7169 4632 2205 6102 2293 6323 870 8109 4138 1452 5923 864 6735 7665 6342 3423 2826 3553 3298 6312 7737 5044 3746 8003 3318 2970 2629 5444 4672 2175 7305 2470 3146 2509 5054 2921 6421 3982 4046 4714 3638 7615 3761 4814 3215 2573 3628 4810 6552 4990 3034 7025 4172 3729 5850 2454 5933 6050 5216 0 3102 2933 2126 3373 2119 6556 3326 5735 6540 4326 2471 5522 5344 6236 6642 3805 3034 5156 3007 3441 4281
3319 2848 3181 1464 1647 2948 6380 3727 2099 1340 2366 4324 5193 2208 2564 2815 3913 5935 3398 3387 4867 2216 5088 2596 6875 4061 2424 3943 3450 5501 6431 5108 2189 1818 4447 3600 5077 6553 3810 4210 6769 3240 2893 2551 4210 3437 1705 6071 4041 1911 817 1860 2844 5187 2748 3968 3480 3561 6381 3684 3580 2493 5159 829 3576 5318 4256 2956 5791 2938 2495 5117 2376 4699 4816 3981 3102 0 5099 4221 3359 2105 4768 4055 3207 4011 4029 3747 4316 4778 5031 5437 2600 3463 3950 4398 4968 3076
3009 5347 2677 3785 4082 2951 1984 3222 3673 4536 3051 4225 3082 4840 5062 3069 6412 5836 4345 2170 4535 4714 4756 3291 6542 6559 3873 8344 2843 5402 6332 6180 4178 3463 836 1612 4679 6170 4883 1741 6436 5739 5456 5050 3811 5116 4596 7143 4972 3762 4585 6113 5342 6259 3922 6467 4553 6059 6048 6182 2493 5636 609 4687 1907 4985 2144 5455 5458 3423 3759 3005 4875 5772 4717 5054 2933 5099 0 4672 5852 4598 7788 5872 5998 6802 1629 4950 4005 2648 4720 5068 3611 5580 2920 5553 745 4543
5645 1512 2366 3622 2705 5273 6424 6052 2925 3207 3440 6649 7518 3419 3232 2321 2721 8260 5723 3878 7193 2527 7414 2543 9200 2233 3125 6093 2541 7826 8757 7433 4514 4144 5230 4971 7403 8828 6135 5419 9094 2550 1894 2291 6535 5763 3266 7778 353 4237 3601 6145 2606 7512 5073 2501 5806 2285 8707 1855 5905 4124 4250 4719 5901 7643 6581 3202 8117 5263 4821 7442 1961 7025 7142 6307 2126 4221 4672 0 1854 3068 6816 1199 6876 7663 6012 2782 6662 7123 7377 7783 4946 908 6296 881 5127 5421
4782 650 3452 2760 1843 4411 7603 5190 2370 2344 3671 5787 6656 2556 1666 3086 1382 7398 4861 4692 6330 1664 6551 2867 8337 1644 2705 4526 3721 6964 7894 6490 3652 3281 5890 5063 6540 7965 5273 5673 8232 984 1032 1428 5673 4900 2404 6212 1652 3374 2738 5283 1040 6650 4211 1170 4943 719 7844 1267 5043 2754 5430 3856 5039 6781 5719 1635 7254 4401 3958 6579 1099 6162 6279 5444 3373 3359 5852 1854 0 2088 5304 1656 5998 6151 5497 1904 5785 6246 6499 6905 4068 1063 5418 2248 6436 4544
3529 1674 2199 1506 589 3157 6350 3936 1117 1091 2418 4533 5402 1302 710 1832 2060 6144 3607 3439 5077 1041 5298 1613 7084 2786 1442 3992 2467 5710 6640 5317 2398 2027 4636 3810 5287 6762 4019 4419 6978 1386 1718 1352 4419 3647 1150 5678 2866 2121 1485 4029 990 5396 2957 2115 3690 1707 6591 2509 3789 1284 4176 2603 3785 5527 4465 1103 6001 3147 2705 5326 1201 4909 5026 4191 2119 2105 4598 3068 2088 0 4737 2890 4703 5508 4201 2582 4489 4951 5204 5610 2773 2297 4123 3233 5141 3249
